matrix A
38 55 8 28 60 44 43 67 47 98
94 38 26 21 7 47 96 17 91 72
61 46 32 94 24 97 83 96 43 32
15 58 57 39 82 54 47 65 52 35
34 77 69 33 26 53 6 53 89 83
72 65 88 40 17 49 23 70 69 28
34 6 95 30 74 75 32 48 80 75
16 25 38 39 18 73 31 50 88 48
83 10 30 86 63 70 80 42 35 68
87 5 18 77 64 61 55 14 62 58
matrix B
1 95 39 1 46 25 92 27 88 48
33 94 10 9 93 69 32 38 44 9
11 69 50 40 98 69 25 73 36 22
83 93 29 19 19 57 48 74 99 24
19 48 96 94 69 11 64 82 88 79
6 71 27 26 75 43 36 9 49 35
52 50 82 32 21 6 52 87 51 80
46 71 25 2 46 18 59 72 85 20
9 85 15 71 70 12 45 17 98 13
22 74 13 73 87 71 82 63 37 15
